0.05305164769729845,0,0,0,0,0,0.03315628509242052,0,0,-0,-0,-0,0.02320860388944179,6.091197972083095e-19,0,-0,-0,0.009946189299448039
0,0.05305164769729845,0,0,0,0,0,0.02320860388944179,0,-0,-0,-0.009946189299448039,6.091197972083095e-19,0.03315628509242052,0,-0,-0,-6.090284444641348e-19
0,0,0.05305164769729845,0,0,0,0,0,0.02320860388944179,-0,0.009946189299448039,-0,0,0,0.02320860388944179,-0.009946189299448039,6.090284444641348e-19,-0
0,0,0,0.03978873577297384,0,0,-0,-0,-0,0.004972846007423648,-0,-0,-0,-0,0.009946189299448039,-0.002486423003711824,4.567484959233049e-19,-0
0,0,0,0,0.03978873577297384,0,-0,-0,-0.009946189299448039,-0,-0.002486423003711824,-0,-0,-0,-6.090284444641348e-19,4.567484959233049e-19,0.004972846007423648,-0
0,0,0,0,0,0.03978873577297384,-0,0.009946189299448039,-0,-0,-0,-0.002486423003711824,-0.009946189299448039,6.090284444641348e-19,-0,-0,-0,-0.002486423003711824
0.03315628509242052,0,0,-0,-0,-0,0.05305164769729845,0,0,0,0,0,0.02051405313222516,-0.00527520298467696,0,-0,-0,0.003516508950302391
0,0.02320860388944179,0,-0,-0,0.009946189299448039,0,0.05305164769729845,0,0,0,0,-0.00527520298467696,0.02051405313222516,0,-0,-0,0.003516508950302391
0,0,0.02320860388944179,-0,-0.009946189299448039,-0,0,0,0.05305164769729845,0,0,0,0,0,0.0152388501475482,-0.003516508950302391,-0.003516508950302391,-0
-0,-0,-0,0.004972846007423648,-0,-0,0,0,0,0.03978873577297384,0,0,-0,-0,0.003516508950302391,0.0004395416417057135,-0.001318624925117141,-0
-0,-0,0.009946189299448039,-0,-0.002486423003711824,-0,0,0,0,0,0.03978873577297384,0,-0,-0,0.003516508950302391,-0.001318624925117141,0.0004395416417057135,-0
-0,-0.009946189299448039,-0,-0,-0,-0.002486423003711824,0,0,0,0,0,0.03978873577297384,-0.003516508950302391,-0.003516508950302391,-0,-0,-0,-0.0008790832834114274
0.02320860388944179,6.091197972083095e-19,0,-0,-0,-0.009946189299448039,0.02051405313222516,-0.00527520298467696,0,-0,-0,-0.003516508950302391,0.05305164769729845,0,0,0,0,0
6.091197972083095e-19,0.03315628509242052,0,0,-0,6.090284444641348e-19,-0.00527520298467696,0.02051405313222516,0,-0,-0,-0.003516508950302391,0,0.05305164769729845,0,0,0,0
0,0,0.02320860388944179,0.009946189299448039,-6.090284444641348e-19,-0,0,0,0.0152388501475482,0.003516508950302391,0.003516508950302391,-0,0,0,0.05305164769729845,0,0,0
-0,-0,-0.009946189299448039,-0.002486423003711824,4.567484959233049e-19,-0,-0,-0,-0.003516508950302391,0.0004395416417057135,-0.001318624925117141,-0,0,0,0,0.03978873577297384,0,0
0,-0,6.090284444641348e-19,4.567484959233049e-19,0.004972846007423648,-0,-0,-0,-0.003516508950302391,-0.001318624925117141,0.0004395416417057135,-0,0,0,0,0,0.03978873577297384,0
0.009946189299448039,-6.090284444641348e-19,-0,-0,-0,-0.002486423003711824,0.003516508950302391,0.003516508950302391,-0,-0,-0,-0.0008790832834114274,0,0,0,0,0,0.03978873577297384
