0.05305164769729845,0,0,0,0,0,0.03275880084713211,0,0,-0,-0,-0,0.02262763437210258,6.203550297636946e-19,0,-0,-0,0.009560172835297791
0,0.05305164769729845,0,0,0,0,0,0.02262763437210258,0,-0,-0,-0.009560172835297791,6.203550297636946e-19,0.03275880084713211,0,-0,-0,-5.853917531021458e-19
0,0,0.05305164769729845,0,0,0,0,0,0.02262763437210258,-0,0.009560172835297791,-0,0,0,0.02262763437210258,-0.009560172835297791,5.853917531021458e-19,-0
0,0,0,0.03978873577297384,0,0,-0,-0,-0,0.004686175461402391,-0,-0,-0,-0,0.009560172835297791,-0.002343087730701196,4.304182334286981e-19,-0
0,0,0,0,0.03978873577297384,0,-0,-0,-0.009560172835297791,-0,-0.002343087730701196,-0,-0,-0,-5.853917531021458e-19,4.304182334286981e-19,0.004686175461402391,-0
0,0,0,0,0,0.03978873577297384,-0,0.009560172835297791,-0,-0,-0,-0.002343087730701196,-0.009560172835297791,5.853917531021458e-19,-0,-0,-0,-0.002343087730701196
0.03275880084713211,0,0,-0,-0,-0,0.05305164769729845,0,0,0,0,0,0.02013433303906641,-0.005238721481205413,0,-0,-0,0.003380031520577246
0,0.02262763437210258,0,-0,-0,0.009560172835297791,0,0.05305164769729845,0,0,0,0,-0.005238721481205413,0.02013433303906641,0,-0,-0,0.003380031520577246
0,0,0.02262763437210258,-0,-0.009560172835297791,-0,0,0,0.05305164769729845,0,0,0,0,0,0.014895611557861,-0.003380031520577246,-0.003380031520577246,-0
-0,-0,-0,0.004686175461402391,-0,-0,0,0,0,0.03978873577297384,0,0,-0,-0,0.003380031520577246,0.0004142033058234538,-0.001242609917470361,-0
-0,-0,0.009560172835297791,-0,-0.002343087730701196,-0,0,0,0,0,0.03978873577297384,0,-0,-0,0.003380031520577246,-0.001242609917470361,0.0004142033058234538,-0
-0,-0.009560172835297791,-0,-0,-0,-0.002343087730701196,0,0,0,0,0,0.03978873577297384,-0.003380031520577246,-0.003380031520577246,-0,-0,-0,-0.0008284066116469073
0.02262763437210258,6.203550297636946e-19,0,-0,-0,-0.009560172835297791,0.02013433303906641,-0.005238721481205413,0,-0,-0,-0.003380031520577246,0.05305164769729845,0,0,0,0,0
6.203550297636946e-19,0.03275880084713211,0,0,-0,5.853917531021458e-19,-0.005238721481205413,0.02013433303906641,0,-0,-0,-0.003380031520577246,0,0.05305164769729845,0,0,0,0
0,0,0.02262763437210258,0.009560172835297791,-5.853917531021458e-19,-0,0,0,0.014895611557861,0.003380031520577246,0.003380031520577246,-0,0,0,0.05305164769729845,0,0,0
-0,-0,-0.009560172835297791,-0.002343087730701196,4.304182334286981e-19,-0,-0,-0,-0.003380031520577246,0.0004142033058234538,-0.001242609917470361,-0,0,0,0,0.03978873577297384,0,0
0,-0,5.853917531021458e-19,4.304182334286981e-19,0.004686175461402391,-0,-0,-0,-0.003380031520577246,-0.001242609917470361,0.0004142033058234538,-0,0,0,0,0,0.03978873577297384,0
0.009560172835297791,-5.853917531021458e-19,-0,-0,-0,-0.002343087730701196,0.003380031520577246,0.003380031520577246,-0,-0,-0,-0.0008284066116469073,0,0,0,0,0,0.03978873577297384
