0.05305164769729845,0,0,0,0,0,0.03216504001811075,0,0,-0,-0,-0,0.02181061184301846,6.340258660813974e-19,0,-0,-0,0.009021959441935632
0,0.05305164769729845,0,0,0,0,0,0.02181061184301846,0,-0,-0,-0.009021959441935632,6.340258660813974e-19,0.03216504001811075,0,-0,-0,-5.524356876301856e-19
0,0,0.05305164769729845,0,0,0,0,0,0.02181061184301846,-0,0.009021959441935632,-0,0,0,0.02181061184301846,-0.009021959441935632,5.524356876301856e-19,-0
0,0,0,0.03978873577297384,0,0,-0,-0,-0,0.004296068875472313,-0,-0,-0,-0,0.009021959441935632,-0.002148034437736156,3.945875247947803e-19,-0
0,0,0,0,0.03978873577297384,0,-0,-0,-0.009021959441935632,-0,-0.002148034437736156,-0,-0,-0,-5.524356876301856e-19,3.945875247947803e-19,0.004296068875472313,-0
0,0,0,0,0,0.03978873577297384,-0,0.009021959441935632,-0,-0,-0,-0.002148034437736156,-0.009021959441935632,5.524356876301856e-19,-0,-0,-0,-0.002148034437736156
0.03216504001811075,0,0,-0,-0,-0,0.05305164769729845,0,0,0,0,0,0.01958957129736621,-0.005179732906103874,0,-0,-0,0.003189744350491343
0,0.02181061184301846,0,-0,-0,0.009021959441935632,0,0.05305164769729845,0,0,0,0,-0.005179732906103874,0.01958957129736621,0,-0,-0,0.003189744350491343
0,0,0.02181061184301846,-0,-0.009021959441935632,-0,0,0,0.05305164769729845,0,0,0,0,0,0.01440983839126233,-0.003189744350491343,-0.003189744350491343,-0
-0,-0,-0,0.004296068875472313,-0,-0,0,0,0,0.03978873577297384,0,0,-0,-0,0.003189744350491343,0.0003797224292863675,-0.001139167287859102,-0
-0,-0,0.009021959441935632,-0,-0.002148034437736156,-0,0,0,0,0,0.03978873577297384,0,-0,-0,0.003189744350491343,-0.001139167287859102,0.0003797224292863675,-0
-0,-0.009021959441935632,-0,-0,-0,-0.002148034437736156,0,0,0,0,0,0.03978873577297384,-0.003189744350491343,-0.003189744350491343,-0,-0,-0,-0.0007594448585727347
0.02181061184301846,6.340258660813974e-19,0,-0,-0,-0.009021959441935632,0.01958957129736621,-0.005179732906103874,0,-0,-0,-0.003189744350491343,0.05305164769729845,0,0,0,0,0
6.340258660813974e-19,0.03216504001811075,0,0,-0,5.524356876301856e-19,-0.005179732906103874,0.01958957129736621,0,-0,-0,-0.003189744350491343,0,0.05305164769729845,0,0,0,0
0,0,0.02181061184301846,0.009021959441935632,-5.524356876301856e-19,-0,0,0,0.01440983839126233,0.003189744350491343,0.003189744350491343,-0,0,0,0.05305164769729845,0,0,0
-0,-0,-0.009021959441935632,-0.002148034437736156,3.945875247947803e-19,-0,-0,-0,-0.003189744350491343,0.0003797224292863675,-0.001139167287859102,-0,0,0,0,0.03978873577297384,0,0
0,-0,5.524356876301856e-19,3.945875247947803e-19,0.004296068875472313,-0,-0,-0,-0.003189744350491343,-0.001139167287859102,0.0003797224292863675,-0,0,0,0,0,0.03978873577297384,0
0.009021959441935632,-5.524356876301856e-19,-0,-0,-0,-0.002148034437736156,0.003189744350491343,0.003189744350491343,-0,-0,-0,-0.0007594448585727347,0,0,0,0,0,0.03978873577297384
