0.05305164769729845,0,0,0,0,0,0.0322636796899823,0,0,-0,-0,-0,0.02194250343590225,6.319897731497399e-19,0,-0,-0,0.009108454868626282
0,0.05305164769729845,0,0,0,0,0,0.02194250343590225,0,-0,-0,-0.009108454868626282,6.319897731497399e-19,0.0322636796899823,0,-0,-0,-5.577320050020651e-19
0,0,0.05305164769729845,0,0,0,0,0,0.02194250343590225,-0,0.009108454868626282,-0,0,0,0.02194250343590225,-0.009108454868626282,5.577320050020651e-19,-0
0,0,0,0.03978873577297384,0,0,-0,-0,-0,0.004357997693183328,-0,-0,-0,-0,0.009108454868626282,-0.002178998846591664,4.002755944236384e-19,-0
0,0,0,0,0.03978873577297384,0,-0,-0,-0.009108454868626282,-0,-0.002178998846591664,-0,-0,-0,-5.577320050020651e-19,4.002755944236384e-19,0.004357997693183328,-0
0,0,0,0,0,0.03978873577297384,-0,0.009108454868626282,-0,-0,-0,-0.002178998846591664,-0.009108454868626282,5.577320050020651e-19,-0,-0,-0,-0.002178998846591664
0.0322636796899823,0,0,-0,-0,-0,0.05305164769729845,0,0,0,0,0,0.01967837478881726,-0.005189871720163415,0,-0,-0,0.003220325101868633
0,0.02194250343590225,0,-0,-0,0.009108454868626282,0,0.05305164769729845,0,0,0,0,-0.005189871720163415,0.01967837478881726,0,-0,-0,0.003220325101868633
0,0,0.02194250343590225,-0,-0.009108454868626282,-0,0,0,0.05305164769729845,0,0,0,0,0,0.01448850306865385,-0.003220325101868633,-0.003220325101868633,-0
-0,-0,-0,0.004357997693183328,-0,-0,0,0,0,0.03978873577297384,0,0,-0,-0,0.003220325101868633,0.0003851962151556576,-0.001155588645466973,-0
-0,-0,0.009108454868626282,-0,-0.002178998846591664,-0,0,0,0,0,0.03978873577297384,0,-0,-0,0.003220325101868633,-0.001155588645466973,0.0003851962151556576,-0
-0,-0.009108454868626282,-0,-0,-0,-0.002178998846591664,0,0,0,0,0,0.03978873577297384,-0.003220325101868633,-0.003220325101868633,-0,-0,-0,-0.0007703924303113156
0.02194250343590225,6.319897731497399e-19,0,-0,-0,-0.009108454868626282,0.01967837478881726,-0.005189871720163415,0,-0,-0,-0.003220325101868633,0.05305164769729845,0,0,0,0,0
6.319897731497399e-19,0.0322636796899823,0,0,-0,5.577320050020651e-19,-0.005189871720163415,0.01967837478881726,0,-0,-0,-0.003220325101868633,0,0.05305164769729845,0,0,0,0
0,0,0.02194250343590225,0.009108454868626282,-5.577320050020651e-19,-0,0,0,0.01448850306865385,0.003220325101868633,0.003220325101868633,-0,0,0,0.05305164769729845,0,0,0
-0,-0,-0.009108454868626282,-0.002178998846591664,4.002755944236384e-19,-0,-0,-0,-0.003220325101868633,0.0003851962151556576,-0.001155588645466973,-0,0,0,0,0.03978873577297384,0,0
0,-0,5.577320050020651e-19,4.002755944236384e-19,0.004357997693183328,-0,-0,-0,-0.003220325101868633,-0.001155588645466973,0.0003851962151556576,-0,0,0,0,0,0.03978873577297384,0
0.009108454868626282,-5.577320050020651e-19,-0,-0,-0,-0.002178998846591664,0.003220325101868633,0.003220325101868633,-0,-0,-0,-0.0007703924303113156,0,0,0,0,0,0.03978873577297384
