0.05305164769729845,0,0,0,0,0,0.03138262959348688,0,0,-0,-0,-0,0.02081194507176527,6.472677482161418e-19,0,-0,-0,0.008372268904387754
0,0.05305164769729845,0,0,0,0,0,0.02081194507176527,0,-0,-0,-0.008372268904387754,6.472677482161418e-19,0.03138262959348688,0,-0,-0,-5.126536157679691e-19
0,0,0.05305164769729845,0,0,0,0,0,0.02081194507176527,-0,0.008372268904387754,-0,0,0,0.02081194507176527,-0.008372268904387754,5.126536157679691e-19,-0
0,0,0,0.03978873577297384,0,0,-0,-0,-0,0.003840472706266372,-0,-0,-0,-0,0.008372268904387754,-0.001920236353133186,3.527416955206414e-19,-0
0,0,0,0,0.03978873577297384,0,-0,-0,-0.008372268904387754,-0,-0.001920236353133186,-0,-0,-0,-5.126536157679691e-19,3.527416955206414e-19,0.003840472706266372,-0
0,0,0,0,0,0.03978873577297384,-0,0.008372268904387754,-0,-0,-0,-0.001920236353133186,-0.008372268904387754,5.126536157679691e-19,-0,-0,-0,-0.001920236353133186
0.03138262959348688,0,0,-0,-0,-0,0.05305164769729845,0,0,0,0,0,0.01890617289240082,-0.005095113500327915,0,-0,-0,0.002960044058104925
0,0.02081194507176527,0,-0,-0,0.008372268904387754,0,0.05305164769729845,0,0,0,0,-0.005095113500327915,0.01890617289240082,0,-0,-0,0.002960044058104925
0,0,0.02081194507176527,-0,-0.008372268904387754,-0,0,0,0.05305164769729845,0,0,0,0,0,0.0138110593920729,-0.002960044058104925,-0.002960044058104925,-0
-0,-0,-0,0.003840472706266372,-0,-0,0,0,0,0.03978873577297384,0,0,-0,-0,0.002960044058104925,0.0003394530366953507,-0.001018359110086052,-0
-0,-0,0.008372268904387754,-0,-0.001920236353133186,-0,0,0,0,0,0.03978873577297384,0,-0,-0,0.002960044058104925,-0.001018359110086052,0.0003394530366953507,-0
-0,-0.008372268904387754,-0,-0,-0,-0.001920236353133186,0,0,0,0,0,0.03978873577297384,-0.002960044058104925,-0.002960044058104925,-0,-0,-0,-0.0006789060733907011
0.02081194507176527,6.472677482161418e-19,0,-0,-0,-0.008372268904387754,0.01890617289240082,-0.005095113500327915,0,-0,-0,-0.002960044058104925,0.05305164769729845,0,0,0,0,0
6.472677482161418e-19,0.03138262959348688,0,0,-0,5.126536157679691e-19,-0.005095113500327915,0.01890617289240082,0,-0,-0,-0.002960044058104925,0,0.05305164769729845,0,0,0,0
0,0,0.02081194507176527,0.008372268904387754,-5.126536157679691e-19,-0,0,0,0.0138110593920729,0.002960044058104925,0.002960044058104925,-0,0,0,0.05305164769729845,0,0,0
-0,-0,-0.008372268904387754,-0.001920236353133186,3.527416955206414e-19,-0,-0,-0,-0.002960044058104925,0.0003394530366953507,-0.001018359110086052,-0,0,0,0,0.03978873577297384,0,0
0,-0,5.126536157679691e-19,3.527416955206414e-19,0.003840472706266372,-0,-0,-0,-0.002960044058104925,-0.001018359110086052,0.0003394530366953507,-0,0,0,0,0,0.03978873577297384,0
0.008372268904387754,-5.126536157679691e-19,-0,-0,-0,-0.001920236353133186,0.002960044058104925,0.002960044058104925,-0,-0,-0,-0.0006789060733907011,0,0,0,0,0,0.03978873577297384
