0.05305164769729845,0,0,0,0,0,0.03236246614704444,0,0,-0,-0,-0,0.0220760631323313,6.298605263354063e-19,0,-0,-0,0.009196200159094815
0,0.05305164769729845,0,0,0,0,0,0.0220760631323313,0,-0,-0,-0.009196200159094815,6.298605263354063e-19,0.03236246614704444,0,-0,-0,-5.631048544576923e-19
0,0,0.05305164769729845,0,0,0,0,0,0.0220760631323313,-0,0.009196200159094815,-0,0,0,0.0220760631323313,-0.009196200159094815,5.631048544576923e-19,-0
0,0,0,0.03978873577297384,0,0,-0,-0,-0,0.004421122544106811,-0,-0,-0,-0,0.009196200159094815,-0.002210561272053406,4.060735179208956e-19,-0
0,0,0,0,0.03978873577297384,0,-0,-0,-0.009196200159094815,-0,-0.002210561272053406,-0,-0,-0,-5.631048544576923e-19,4.060735179208956e-19,0.004421122544106811,-0
0,0,0,0,0,0.03978873577297384,-0,0.009196200159094815,-0,-0,-0,-0.002210561272053406,-0.009196200159094815,5.631048544576923e-19,-0,-0,-0,-0.002210561272053406
0.03236246614704444,0,0,-0,-0,-0,0.05305164769729845,0,0,0,0,0,0.01976796089420028,-0.005199895528558026,0,-0,-0,0.003251347746822376
0,0.0220760631323313,0,-0,-0,0.009196200159094815,0,0.05305164769729845,0,0,0,0,-0.005199895528558026,0.01976796089420028,0,-0,-0,0.003251347746822376
0,0,0.0220760631323313,-0,-0.009196200159094815,-0,0,0,0.05305164769729845,0,0,0,0,0,0.01456806536564225,-0.003251347746822376,-0.003251347746822376,-0
-0,-0,-0,0.004421122544106811,-0,-0,0,0,0,0.03978873577297384,0,0,-0,-0,0.003251347746822376,0.0003907757164243312,-0.001172327149272993,-0
-0,-0,0.009196200159094815,-0,-0.002210561272053406,-0,0,0,0,0,0.03978873577297384,0,-0,-0,0.003251347746822376,-0.001172327149272993,0.0003907757164243312,-0
-0,-0.009196200159094815,-0,-0,-0,-0.002210561272053406,0,0,0,0,0,0.03978873577297384,-0.003251347746822376,-0.003251347746822376,-0,-0,-0,-0.000781551432848662
0.0220760631323313,6.298605263354063e-19,0,-0,-0,-0.009196200159094815,0.01976796089420028,-0.005199895528558026,0,-0,-0,-0.003251347746822376,0.05305164769729845,0,0,0,0,0
6.298605263354063e-19,0.03236246614704444,0,0,-0,5.631048544576923e-19,-0.005199895528558026,0.01976796089420028,0,-0,-0,-0.003251347746822376,0,0.05305164769729845,0,0,0,0
0,0,0.0220760631323313,0.009196200159094815,-5.631048544576923e-19,-0,0,0,0.01456806536564225,0.003251347746822376,0.003251347746822376,-0,0,0,0.05305164769729845,0,0,0
-0,-0,-0.009196200159094815,-0.002210561272053406,4.060735179208956e-19,-0,-0,-0,-0.003251347746822376,0.0003907757164243312,-0.001172327149272993,-0,0,0,0,0.03978873577297384,0,0
0,-0,5.631048544576923e-19,4.060735179208956e-19,0.004421122544106811,-0,-0,-0,-0.003251347746822376,-0.001172327149272993,0.0003907757164243312,-0,0,0,0,0,0.03978873577297384,0
0.009196200159094815,-5.631048544576923e-19,-0,-0,-0,-0.002210561272053406,0.003251347746822376,0.003251347746822376,-0,-0,-0,-0.000781551432848662,0,0,0,0,0,0.03978873577297384
