0.05305164769729845,0,0,0,0,0,0.03206655997447625,0,0,-0,-0,-0,0.02168035718445617,6.3597150010467e-19,0,-0,-0,0.008936690253452955
0,0.05305164769729845,0,0,0,0,0,0.02168035718445617,0,-0,-0,-0.008936690253452955,6.3597150010467e-19,0.03206655997447625,0,-0,-0,-5.472144556931256e-19
0,0,0.05305164769729845,0,0,0,0,0,0.02168035718445617,-0,0.008936690253452955,-0,0,0,0.02168035718445617,-0.008936690253452955,5.472144556931256e-19,-0
0,0,0,0.03978873577297384,0,0,-0,-0,-0,0.004235307897913531,-0,-0,-0,-0,0.008936690253452955,-0.002117653948956765,3.890067195437482e-19,-0
0,0,0,0,0.03978873577297384,0,-0,-0,-0.008936690253452955,-0,-0.002117653948956765,-0,-0,-0,-5.472144556931256e-19,3.890067195437482e-19,0.004235307897913531,-0
0,0,0,0,0,0.03978873577297384,-0,0.008936690253452955,-0,-0,-0,-0.002117653948956765,-0.008936690253452955,5.472144556931256e-19,-0,-0,-0,-0.002117653948956765
0.03206655997447625,0,0,-0,-0,-0,0.05305164769729845,0,0,0,0,0,0.01950154061798096,-0.005169484679314718,0,-0,-0,0.003159597139790155
0,0.02168035718445617,0,-0,-0,0.008936690253452955,0,0.05305164769729845,0,0,0,0,-0.005169484679314718,0.01950154061798096,0,-0,-0,0.003159597139790155
0,0,0.02168035718445617,-0,-0.008936690253452955,-0,0,0,0.05305164769729845,0,0,0,0,0,0.01433205593866624,-0.003159597139790155,-0.003159597139790155,-0
-0,-0,-0,0.004235307897913531,-0,-0,0,0,0,0.03978873577297384,0,0,-0,-0,0.003159597139790155,0.0003743518668784498,-0.00112305560063535,-0
-0,-0,0.008936690253452955,-0,-0.002117653948956765,-0,0,0,0,0,0.03978873577297384,0,-0,-0,0.003159597139790155,-0.00112305560063535,0.0003743518668784498,-0
-0,-0.008936690253452955,-0,-0,-0,-0.002117653948956765,0,0,0,0,0,0.03978873577297384,-0.003159597139790155,-0.003159597139790155,-0,-0,-0,-0.0007487037337568999
0.02168035718445617,6.3597150010467e-19,0,-0,-0,-0.008936690253452955,0.01950154061798096,-0.005169484679314718,0,-0,-0,-0.003159597139790155,0.05305164769729845,0,0,0,0,0
6.3597150010467e-19,0.03206655997447625,0,0,-0,5.472144556931256e-19,-0.005169484679314718,0.01950154061798096,0,-0,-0,-0.003159597139790155,0,0.05305164769729845,0,0,0,0
0,0,0.02168035718445617,0.008936690253452955,-5.472144556931256e-19,-0,0,0,0.01433205593866624,0.003159597139790155,0.003159597139790155,-0,0,0,0.05305164769729845,0,0,0
-0,-0,-0.008936690253452955,-0.002117653948956765,3.890067195437482e-19,-0,-0,-0,-0.003159597139790155,0.0003743518668784498,-0.00112305560063535,-0,0,0,0,0.03978873577297384,0,0
0,-0,5.472144556931256e-19,3.890067195437482e-19,0.004235307897913531,-0,-0,-0,-0.003159597139790155,-0.00112305560063535,0.0003743518668784498,-0,0,0,0,0,0.03978873577297384,0
0.008936690253452955,-5.472144556931256e-19,-0,-0,-0,-0.002117653948956765,0.003159597139790155,0.003159597139790155,-0,-0,-0,-0.0007487037337568999,0,0,0,0,0,0.03978873577297384
