0.05305164769729845,0,0,0,0,0,0.03305686636161505,0,0,-0,-0,-0,0.02306047756517595,6.121022771295802e-19,0,-0,-0,0.009847522317597794
0,0.05305164769729845,0,0,0,0,0,0.02306047756517595,0,-0,-0,-0.009847522317597794,6.121022771295802e-19,0.03305686636161505,0,-0,-0,-6.029868342889133e-19
0,0,0.05305164769729845,0,0,0,0,0,0.02306047756517595,-0,0.009847522317597794,-0,0,0,0.02306047756517595,-0.009847522317597794,6.029868342889133e-19,-0
0,0,0,0.03978873577297384,0,0,-0,-0,-0,0.004899033288276322,-0,-0,-0,-0,0.009847522317597794,-0.002449516644138161,4.499689076552947e-19,-0
0,0,0,0,0.03978873577297384,0,-0,-0,-0.009847522317597794,-0,-0.002449516644138161,-0,-0,-0,-6.029868342889133e-19,4.499689076552947e-19,0.004899033288276322,-0
0,0,0,0,0,0.03978873577297384,-0,0.009847522317597794,-0,-0,-0,-0.002449516644138161,-0.009847522317597794,6.029868342889133e-19,-0,-0,-0,-0.002449516644138161
0.03305686636161505,0,0,-0,-0,-0,0.05305164769729845,0,0,0,0,0,0.02041783382630562,-0.005266326982369067,0,-0,-0,0.003481624904329634
0,0.02306047756517595,0,-0,-0,0.009847522317597794,0,0.05305164769729845,0,0,0,0,-0.005266326982369067,0.02041783382630562,0,-0,-0,0.003481624904329634
0,0,0.02306047756517595,-0,-0.009847522317597794,-0,0,0,0.05305164769729845,0,0,0,0,0,0.01515150684393656,-0.003481624904329634,-0.003481624904329634,-0
-0,-0,-0,0.004899033288276322,-0,-0,0,0,0,0.03978873577297384,0,0,-0,-0,0.003481624904329634,0.0004330174574248524,-0.001299052372274557,-0
-0,-0,0.009847522317597794,-0,-0.002449516644138161,-0,0,0,0,0,0.03978873577297384,0,-0,-0,0.003481624904329634,-0.001299052372274557,0.0004330174574248524,-0
-0,-0.009847522317597794,-0,-0,-0,-0.002449516644138161,0,0,0,0,0,0.03978873577297384,-0.003481624904329634,-0.003481624904329634,-0,-0,-0,-0.0008660349148497045
0.02306047756517595,6.121022771295802e-19,0,-0,-0,-0.009847522317597794,0.02041783382630562,-0.005266326982369067,0,-0,-0,-0.003481624904329634,0.05305164769729845,0,0,0,0,0
6.121022771295802e-19,0.03305686636161505,0,0,-0,6.029868342889133e-19,-0.005266326982369067,0.02041783382630562,0,-0,-0,-0.003481624904329634,0,0.05305164769729845,0,0,0,0
0,0,0.02306047756517595,0.009847522317597794,-6.029868342889133e-19,-0,0,0,0.01515150684393656,0.003481624904329634,0.003481624904329634,-0,0,0,0.05305164769729845,0,0,0
-0,-0,-0.009847522317597794,-0.002449516644138161,4.499689076552947e-19,-0,-0,-0,-0.003481624904329634,0.0004330174574248524,-0.001299052372274557,-0,0,0,0,0.03978873577297384,0,0
0,-0,6.029868342889133e-19,4.499689076552947e-19,0.004899033288276322,-0,-0,-0,-0.003481624904329634,-0.001299052372274557,0.0004330174574248524,-0,0,0,0,0,0.03978873577297384,0
0.009847522317597794,-6.029868342889133e-19,-0,-0,-0,-0.002449516644138161,0.003481624904329634,0.003481624904329634,-0,-0,-0,-0.0008660349148497045,0,0,0,0,0,0.03978873577297384
