0.05305164769729845,0,0,0,0,0,0.0326595683987981,0,0,-0,-0,-0,0.02248707447452638,6.228856061852632e-19,0,-0,-0,0.00946718014558624
0,0.05305164769729845,0,0,0,0,0,0.02248707447452638,0,-0,-0,-0.00946718014558624,6.228856061852632e-19,0.0326595683987981,0,-0,-0,-5.796975931121781e-19
0,0,0.05305164769729845,0,0,0,0,0,0.02248707447452638,-0,0.00946718014558624,-0,0,0,0.02248707447452638,-0.00946718014558624,5.796975931121781e-19,-0
0,0,0,0.03978873577297384,0,0,-0,-0,-0,0.004617967706345495,-0,-0,-0,-0,0.00946718014558624,-0.002308983853172747,4.241534527606391e-19,-0
0,0,0,0,0.03978873577297384,0,-0,-0,-0.00946718014558624,-0,-0.002308983853172747,-0,-0,-0,-5.796975931121781e-19,4.241534527606391e-19,0.004617967706345495,-0
0,0,0,0,0,0.03978873577297384,-0,0.00946718014558624,-0,-0,-0,-0.002308983853172747,-0.00946718014558624,5.796975931121781e-19,-0,-0,-0,-0.002308983853172747
0.0326595683987981,0,0,-0,-0,-0,0.05305164769729845,0,0,0,0,0,0.02004151528110983,-0.005229217857944437,0,-0,-0,0.003347153639829338
0,0.02248707447452638,0,-0,-0,0.00946718014558624,0,0.05305164769729845,0,0,0,0,-0.005229217857944437,0.02004151528110983,0,-0,-0,0.003347153639829338
0,0,0.02248707447452638,-0,-0.00946718014558624,-0,0,0,0.05305164769729845,0,0,0,0,0,0.01481229742316539,-0.003347153639829338,-0.003347153639829338,-0
-0,-0,-0,0.004617967706345495,-0,-0,0,0,0,0.03978873577297384,0,0,-0,-0,0.003347153639829338,0.0004081745350571731,-0.00122452360517152,-0
-0,-0,0.00946718014558624,-0,-0.002308983853172747,-0,0,0,0,0,0.03978873577297384,0,-0,-0,0.003347153639829338,-0.00122452360517152,0.0004081745350571731,-0
-0,-0.00946718014558624,-0,-0,-0,-0.002308983853172747,0,0,0,0,0,0.03978873577297384,-0.003347153639829338,-0.003347153639829338,-0,-0,-0,-0.0008163490701143466
0.02248707447452638,6.228856061852632e-19,0,-0,-0,-0.00946718014558624,0.02004151528110983,-0.005229217857944437,0,-0,-0,-0.003347153639829338,0.05305164769729845,0,0,0,0,0
6.228856061852632e-19,0.0326595683987981,0,0,-0,5.796975931121781e-19,-0.005229217857944437,0.02004151528110983,0,-0,-0,-0.003347153639829338,0,0.05305164769729845,0,0,0,0
0,0,0.02248707447452638,0.00946718014558624,-5.796975931121781e-19,-0,0,0,0.01481229742316539,0.003347153639829338,0.003347153639829338,-0,0,0,0.05305164769729845,0,0,0
-0,-0,-0.00946718014558624,-0.002308983853172747,4.241534527606391e-19,-0,-0,-0,-0.003347153639829338,0.0004081745350571731,-0.00122452360517152,-0,0,0,0,0.03978873577297384,0,0
0,-0,5.796975931121781e-19,4.241534527606391e-19,0.004617967706345495,-0,-0,-0,-0.003347153639829338,-0.00122452360517152,0.0004081745350571731,-0,0,0,0,0,0.03978873577297384,0
0.00946718014558624,-5.796975931121781e-19,-0,-0,-0,-0.002308983853172747,0.003347153639829338,0.003347153639829338,-0,-0,-0,-0.0008163490701143466,0,0,0,0,0,0.03978873577297384
