0.05305164769729845,0,0,0,0,0,0.03196825181050081,0,0,-0,-0,-0,0.02155170905349928,6.37829287277174e-19,0,-0,-0,0.008852624233210149
0,0.05305164769729845,0,0,0,0,0,0.02155170905349928,0,-0,-0,-0.008852624233210149,6.37829287277174e-19,0.03196825181050081,0,-0,-0,-5.420668965627551e-19
0,0,0.05305164769729845,0,0,0,0,0,0.02155170905349928,-0,0.008852624233210149,-0,0,0,0.02155170905349928,-0.008852624233210149,5.420668965627551e-19,-0
0,0,0,0.03978873577297384,0,0,-0,-0,-0,0.004175687361186651,-0,-0,-0,-0,0.008852624233210149,-0.002087843680593325,3.835306620837967e-19,-0
0,0,0,0,0.03978873577297384,0,-0,-0,-0.008852624233210149,-0,-0.002087843680593325,-0,-0,-0,-5.420668965627551e-19,3.835306620837967e-19,0.004175687361186651,-0
0,0,0,0,0,0.03978873577297384,-0,0.008852624233210149,-0,-0,-0,-0.002087843680593325,-0.008852624233210149,5.420668965627551e-19,-0,-0,-0,-0.002087843680593325
0.03196825181050081,0,0,-0,-0,-0,0.05305164769729845,0,0,0,0,0,0.01941427310275489,-0.005159132434602722,0,-0,-0,0.003129875313299629
0,0.02155170905349928,0,-0,-0,0.008852624233210149,0,0.05305164769729845,0,0,0,0,-0.005159132434602722,0.01941427310275489,0,-0,-0,0.003129875313299629
0,0,0.02155170905349928,-0,-0.008852624233210149,-0,0,0,0.05305164769729845,0,0,0,0,0,0.01425514066815217,-0.003129875313299629,-0.003129875313299629,-0
-0,-0,-0,0.004175687361186651,-0,-0,0,0,0,0.03978873577297384,0,0,-0,-0,0.003129875313299629,0.0003690821061512553,-0.001107246318453766,-0
-0,-0,0.008852624233210149,-0,-0.002087843680593325,-0,0,0,0,0,0.03978873577297384,0,-0,-0,0.003129875313299629,-0.001107246318453766,0.0003690821061512553,-0
-0,-0.008852624233210149,-0,-0,-0,-0.002087843680593325,0,0,0,0,0,0.03978873577297384,-0.003129875313299629,-0.003129875313299629,-0,-0,-0,-0.0007381642123025103
0.02155170905349928,6.37829287277174e-19,0,-0,-0,-0.008852624233210149,0.01941427310275489,-0.005159132434602722,0,-0,-0,-0.003129875313299629,0.05305164769729845,0,0,0,0,0
6.37829287277174e-19,0.03196825181050081,0,0,-0,5.420668965627551e-19,-0.005159132434602722,0.01941427310275489,0,-0,-0,-0.003129875313299629,0,0.05305164769729845,0,0,0,0
0,0,0.02155170905349928,0.008852624233210149,-5.420668965627551e-19,-0,0,0,0.01425514066815217,0.003129875313299629,0.003129875313299629,-0,0,0,0.05305164769729845,0,0,0
-0,-0,-0.008852624233210149,-0.002087843680593325,3.835306620837967e-19,-0,-0,-0,-0.003129875313299629,0.0003690821061512553,-0.001107246318453766,-0,0,0,0,0.03978873577297384,0,0
0,-0,5.420668965627551e-19,3.835306620837967e-19,0.004175687361186651,-0,-0,-0,-0.003129875313299629,-0.001107246318453766,0.0003690821061512553,-0,0,0,0,0,0.03978873577297384,0
0.008852624233210149,-5.420668965627551e-19,-0,-0,-0,-0.002087843680593325,0.003129875313299629,0.003129875313299629,-0,-0,-0,-0.0007381642123025103,0,0,0,0,0,0.03978873577297384
