0.05305164769729845,0,0,0,0,0,0.0312858226588677,0,0,-0,-0,-0,0.02069375070830015,6.485773505300506e-19,0,-0,-0,0.008296022620435571
0,0.05305164769729845,0,0,0,0,0,0.02069375070830015,0,-0,-0,-0.008296022620435571,6.485773505300506e-19,0.0312858226588677,0,-0,-0,-5.07984877388523e-19
0,0,0.05305164769729845,0,0,0,0,0,0.02069375070830015,-0,0.008296022620435571,-0,0,0,0.02069375070830015,-0.008296022620435571,5.07984877388523e-19,-0
0,0,0,0.03978873577297384,0,0,-0,-0,-0,0.003788129534149726,-0,-0,-0,-0,0.008296022620435571,-0.001894064767074863,3.479340531564012e-19,-0
0,0,0,0,0.03978873577297384,0,-0,-0,-0.008296022620435571,-0,-0.001894064767074863,-0,-0,-0,-5.07984877388523e-19,3.479340531564012e-19,0.003788129534149726,-0
0,0,0,0,0,0.03978873577297384,-0,0.008296022620435571,-0,-0,-0,-0.001894064767074863,-0.008296022620435571,5.07984877388523e-19,-0,-0,-0,-0.001894064767074863
0.0312858226588677,0,0,-0,-0,-0,0.05305164769729845,0,0,0,0,0,0.01882398975248908,-0.005084168992336222,0,-0,-0,0.002933086925893492
0,0.02069375070830015,0,-0,-0,0.008296022620435571,0,0.05305164769729845,0,0,0,0,-0.005084168992336222,0.01882398975248908,0,-0,-0,0.002933086925893492
0,0,0.02069375070830015,-0,-0.008296022620435571,-0,0,0,0.05305164769729845,0,0,0,0,0,0.01373982076015286,-0.002933086925893492,-0.002933086925893492,-0
-0,-0,-0,0.003788129534149726,-0,-0,0,0,0,0.03978873577297384,0,0,-0,-0,0.002933086925893492,0.0003348265102012884,-0.001004479530603865,-0
-0,-0,0.008296022620435571,-0,-0.001894064767074863,-0,0,0,0,0,0.03978873577297384,0,-0,-0,0.002933086925893492,-0.001004479530603865,0.0003348265102012884,-0
-0,-0.008296022620435571,-0,-0,-0,-0.001894064767074863,0,0,0,0,0,0.03978873577297384,-0.002933086925893492,-0.002933086925893492,-0,-0,-0,-0.0006696530204025771
0.02069375070830015,6.485773505300506e-19,0,-0,-0,-0.008296022620435571,0.01882398975248908,-0.005084168992336222,0,-0,-0,-0.002933086925893492,0.05305164769729845,0,0,0,0,0
6.485773505300506e-19,0.0312858226588677,0,0,-0,5.07984877388523e-19,-0.005084168992336222,0.01882398975248908,0,-0,-0,-0.002933086925893492,0,0.05305164769729845,0,0,0,0
0,0,0.02069375070830015,0.008296022620435571,-5.07984877388523e-19,-0,0,0,0.01373982076015286,0.002933086925893492,0.002933086925893492,-0,0,0,0.05305164769729845,0,0,0
-0,-0,-0.008296022620435571,-0.001894064767074863,3.479340531564012e-19,-0,-0,-0,-0.002933086925893492,0.0003348265102012884,-0.001004479530603865,-0,0,0,0,0.03978873577297384,0,0
0,-0,5.07984877388523e-19,3.479340531564012e-19,0.003788129534149726,-0,-0,-0,-0.002933086925893492,-0.001004479530603865,0.0003348265102012884,-0,0,0,0,0,0.03978873577297384,0
0.008296022620435571,-5.07984877388523e-19,-0,-0,-0,-0.001894064767074863,0.002933086925893492,0.002933086925893492,-0,-0,-0,-0.0006696530204025771,0,0,0,0,0,0.03978873577297384
