0.05305164769729845,0,0,0,0,0,0.03167447272620728,0,0,-0,-0,-0,0.02117511072399891,6.429005034546912e-19,0,-0,-0,0.008607422492087896
0,0.05305164769729845,0,0,0,0,0,0.02117511072399891,0,-0,-0,-0.008607422492087896,6.429005034546912e-19,0.03167447272620728,0,-0,-0,-5.270526201922188e-19
0,0,0.05305164769729845,0,0,0,0,0,0.02117511072399891,-0,0.008607422492087896,-0,0,0,0.02117511072399891,-0.008607422492087896,5.270526201922188e-19,-0
0,0,0,0.03978873577297384,0,0,-0,-0,-0,0.004003405770671456,-0,-0,-0,-0,0.008607422492087896,-0.002001702885335728,3.677068547055631e-19,-0
0,0,0,0,0.03978873577297384,0,-0,-0,-0.008607422492087896,-0,-0.002001702885335728,-0,-0,-0,-5.270526201922188e-19,3.677068547055631e-19,0.004003405770671456,-0
0,0,0,0,0,0.03978873577297384,-0,0.008607422492087896,-0,-0,-0,-0.002001702885335728,-0.008607422492087896,5.270526201922188e-19,-0,-0,-0,-0.002001702885335728
0.03167447272620728,0,0,-0,-0,-0,0.05305164769729845,0,0,0,0,0,0.01915695531497642,-0.005127502719088522,0,-0,-0,0.003043183406346482
0,0.02117511072399891,0,-0,-0,0.008607422492087896,0,0.05305164769729845,0,0,0,0,-0.005127502719088522,0.01915695531497642,0,-0,-0,0.003043183406346482
0,0,0.02117511072399891,-0,-0.008607422492087896,-0,0,0,0.05305164769729845,0,0,0,0,0,0.0140294525958879,-0.003043183406346482,-0.003043183406346482,-0
-0,-0,-0,0.004003405770671456,-0,-0,0,0,0,0.03978873577297384,0,0,-0,-0,0.003043183406346482,0.0003538544210353926,-0.001061563263106178,-0
-0,-0,0.008607422492087896,-0,-0.002001702885335728,-0,0,0,0,0,0.03978873577297384,0,-0,-0,0.003043183406346482,-0.001061563263106178,0.0003538544210353926,-0
-0,-0.008607422492087896,-0,-0,-0,-0.002001702885335728,0,0,0,0,0,0.03978873577297384,-0.003043183406346482,-0.003043183406346482,-0,-0,-0,-0.0007077088420707855
0.02117511072399891,6.429005034546912e-19,0,-0,-0,-0.008607422492087896,0.01915695531497642,-0.005127502719088522,0,-0,-0,-0.003043183406346482,0.05305164769729845,0,0,0,0,0
6.429005034546912e-19,0.03167447272620728,0,0,-0,5.270526201922188e-19,-0.005127502719088522,0.01915695531497642,0,-0,-0,-0.003043183406346482,0,0.05305164769729845,0,0,0,0
0,0,0.02117511072399891,0.008607422492087896,-5.270526201922188e-19,-0,0,0,0.0140294525958879,0.003043183406346482,0.003043183406346482,-0,0,0,0.05305164769729845,0,0,0
-0,-0,-0.008607422492087896,-0.002001702885335728,3.677068547055631e-19,-0,-0,-0,-0.003043183406346482,0.0003538544210353926,-0.001061563263106178,-0,0,0,0,0.03978873577297384,0,0
0,-0,5.270526201922188e-19,3.677068547055631e-19,0.004003405770671456,-0,-0,-0,-0.003043183406346482,-0.001061563263106178,0.0003538544210353926,-0,0,0,0,0,0.03978873577297384,0
0.008607422492087896,-5.270526201922188e-19,-0,-0,-0,-0.002001702885335728,0.003043183406346482,0.003043183406346482,-0,-0,-0,-0.0007077088420707855,0,0,0,0,0,0.03978873577297384
