0.05305164769729845,0,0,0,0,0,0.0311892669595312,0,0,-0,-0,-0,0.02057694449566515,6.498173368446555e-19,0,-0,-0,0.008220813176234262
0,0.05305164769729845,0,0,0,0,0,0.02057694449566515,0,-0,-0,-0.008220813176234262,6.498173368446555e-19,0.0311892669595312,0,-0,-0,-5.033796271331838e-19
0,0,0.05305164769729845,0,0,0,0,0,0.02057694449566515,-0,0.008220813176234262,-0,0,0,0.02057694449566515,-0.008220813176234262,5.033796271331838e-19,-0
0,0,0,0.03978873577297384,0,0,-0,-0,-0,0.003736733261924664,-0,-0,-0,-0,0.008220813176234262,-0.001868366630962332,3.432133821362616e-19,-0
0,0,0,0,0.03978873577297384,0,-0,-0,-0.008220813176234262,-0,-0.001868366630962332,-0,-0,-0,-5.033796271331838e-19,3.432133821362616e-19,0.003736733261924664,-0
0,0,0,0,0,0.03978873577297384,-0,0.008220813176234262,-0,-0,-0,-0.001868366630962332,-0.008220813176234262,5.033796271331838e-19,-0,-0,-0,-0.001868366630962332
0.0311892669595312,0,0,-0,-0,-0,0.05305164769729845,0,0,0,0,0,0.01874249781631842,-0.005073157303665137,0,-0,-0,0.002906496371891484
0,0.02057694449566515,0,-0,-0,0.008220813176234262,0,0.05305164769729845,0,0,0,0,-0.005073157303665137,0.01874249781631842,0,-0,-0,0.002906496371891484
0,0,0.02057694449566515,-0,-0.008220813176234262,-0,0,0,0.05305164769729845,0,0,0,0,0,0.01366934051265328,-0.002906496371891484,-0.002906496371891484,-0
-0,-0,-0,0.003736733261924664,-0,-0,0,0,0,0.03978873577297384,0,0,-0,-0,0.002906496371891484,0.0003302836786240324,-0.0009908510358720968,-0
-0,-0,0.008220813176234262,-0,-0.001868366630962332,-0,0,0,0,0,0.03978873577297384,0,-0,-0,0.002906496371891484,-0.0009908510358720968,0.0003302836786240324,-0
-0,-0.008220813176234262,-0,-0,-0,-0.001868366630962332,0,0,0,0,0,0.03978873577297384,-0.002906496371891484,-0.002906496371891484,-0,-0,-0,-0.0006605673572480645
0.02057694449566515,6.498173368446555e-19,0,-0,-0,-0.008220813176234262,0.01874249781631842,-0.005073157303665137,0,-0,-0,-0.002906496371891484,0.05305164769729845,0,0,0,0,0
6.498173368446555e-19,0.0311892669595312,0,0,-0,5.033796271331838e-19,-0.005073157303665137,0.01874249781631842,0,-0,-0,-0.002906496371891484,0,0.05305164769729845,0,0,0,0
0,0,0.02057694449566515,0.008220813176234262,-5.033796271331838e-19,-0,0,0,0.01366934051265328,0.002906496371891484,0.002906496371891484,-0,0,0,0.05305164769729845,0,0,0
-0,-0,-0.008220813176234262,-0.001868366630962332,3.432133821362616e-19,-0,-0,-0,-0.002906496371891484,0.0003302836786240324,-0.0009908510358720968,-0,0,0,0,0.03978873577297384,0,0
0,-0,5.033796271331838e-19,3.432133821362616e-19,0.003736733261924664,-0,-0,-0,-0.002906496371891484,-0.0009908510358720968,0.0003302836786240324,-0,0,0,0,0,0.03978873577297384,0
0.008220813176234262,-5.033796271331838e-19,-0,-0,-0,-0.001868366630962332,0.002906496371891484,0.002906496371891484,-0,-0,-0,-0.0006605673572480645,0,0,0,0,0,0.03978873577297384
