0.05305164769729845,0,0,0,0,0,0.0325604249373079,0,0,-0,-0,-0,0.02234831546775,6.25311358721823e-19,0,-0,-0,0.009375537709010846
0,0.05305164769729845,0,0,0,0,0,0.02234831546775,0,-0,-0,-0.009375537709010846,6.25311358721823e-19,0.0325604249373079,0,-0,-0,-5.740861122812721e-19
0,0,0.05305164769729845,0,0,0,0,0,0.02234831546775,-0,0.009375537709010846,-0,0,0,0.02234831546775,-0.009375537709010846,5.740861122812721e-19,-0
0,0,0,0.03978873577297384,0,0,-0,-0,-0,0.004551077249322035,-0,-0,-0,-0,0.009375537709010846,-0.002275538624661017,4.180096639540928e-19,-0
0,0,0,0,0.03978873577297384,0,-0,-0,-0.009375537709010846,-0,-0.002275538624661017,-0,-0,-0,-5.740861122812721e-19,4.180096639540928e-19,0.004551077249322035,-0
0,0,0,0,0,0.03978873577297384,-0,0.009375537709010846,-0,-0,-0,-0.002275538624661017,-0.009375537709010846,5.740861122812721e-19,-0,-0,-0,-0.002275538624661017
0.0325604249373079,0,0,-0,-0,-0,0.05305164769729845,0,0,0,0,0,0.01994952094086401,-0.005219574720421591,0,-0,-0,0.003314753145655879
0,0.02234831546775,0,-0,-0,0.009375537709010846,0,0.05305164769729845,0,0,0,0,-0.005219574720421591,0.01994952094086401,0,-0,-0,0.003314753145655879
0,0,0.02234831546775,-0,-0.009375537709010846,-0,0,0,0.05305164769729845,0,0,0,0,0,0.01472994622044242,-0.003314753145655879,-0.003314753145655879,-0
-0,-0,-0,0.004551077249322035,-0,-0,0,0,0,0.03978873577297384,0,0,-0,-0,0.003314753145655879,0.0004022621980874291,-0.001206786594262287,-0
-0,-0,0.009375537709010846,-0,-0.002275538624661017,-0,0,0,0,0,0.03978873577297384,0,-0,-0,0.003314753145655879,-0.001206786594262287,0.0004022621980874291,-0
-0,-0.009375537709010846,-0,-0,-0,-0.002275538624661017,0,0,0,0,0,0.03978873577297384,-0.003314753145655879,-0.003314753145655879,-0,-0,-0,-0.0008045243961748578
0.02234831546775,6.25311358721823e-19,0,-0,-0,-0.009375537709010846,0.01994952094086401,-0.005219574720421591,0,-0,-0,-0.003314753145655879,0.05305164769729845,0,0,0,0,0
6.25311358721823e-19,0.0325604249373079,0,0,-0,5.740861122812721e-19,-0.005219574720421591,0.01994952094086401,0,-0,-0,-0.003314753145655879,0,0.05305164769729845,0,0,0,0
0,0,0.02234831546775,0.009375537709010846,-5.740861122812721e-19,-0,0,0,0.01472994622044242,0.003314753145655879,0.003314753145655879,-0,0,0,0.05305164769729845,0,0,0
-0,-0,-0.009375537709010846,-0.002275538624661017,4.180096639540928e-19,-0,-0,-0,-0.003314753145655879,0.0004022621980874291,-0.001206786594262287,-0,0,0,0,0.03978873577297384,0,0
0,-0,5.740861122812721e-19,4.180096639540928e-19,0.004551077249322035,-0,-0,-0,-0.003314753145655879,-0.001206786594262287,0.0004022621980874291,-0,0,0,0,0,0.03978873577297384,0
0.009375537709010846,-5.740861122812721e-19,-0,-0,-0,-0.002275538624661017,0.003314753145655879,0.003314753145655879,-0,-0,-0,-0.0008045243961748578,0,0,0,0,0,0.03978873577297384
