0.05305164769729845,0,0,0,0,0,0.03157696357005866,0,0,-0,-0,-0,0.02105259910586412,6.444314627067996e-19,0,-0,-0,0.008527949021512174
0,0.05305164769729845,0,0,0,0,0,0.02105259910586412,0,-0,-0,-0.008527949021512174,6.444314627067996e-19,0.03157696357005866,0,-0,-0,-5.221862736243343e-19
0,0,0.05305164769729845,0,0,0,0,0,0.02105259910586412,-0,0.008527949021512174,-0,0,0,0.02105259910586412,-0.008527949021512174,5.221862736243343e-19,-0
0,0,0,0.03978873577297384,0,0,-0,-0,-0,0.003948087990626094,-0,-0,-0,-0,0.008527949021512174,-0.001974043995313047,3.626259990354263e-19,-0
0,0,0,0,0.03978873577297384,0,-0,-0,-0.008527949021512174,-0,-0.001974043995313047,-0,-0,-0,-5.221862736243343e-19,3.626259990354263e-19,0.003948087990626094,-0
0,0,0,0,0,0.03978873577297384,-0,0.008527949021512174,-0,-0,-0,-0.001974043995313047,-0.008527949021512174,5.221862736243343e-19,-0,-0,-0,-0.001974043995313047
0.03157696357005866,0,0,-0,-0,-0,0.05305164769729845,0,0,0,0,0,0.01907264696132919,-0.005116784635601784,0,-0,-0,0.003015085291362221
0,0.02105259910586412,0,-0,-0,0.008527949021512174,0,0.05305164769729845,0,0,0,0,-0.005116784635601784,0.01907264696132919,0,-0,-0,0.003015085291362221
0,0,0.02105259910586412,-0,-0.008527949021512174,-0,0,0,0.05305164769729845,0,0,0,0,0,0.01395586232572741,-0.003015085291362221,-0.003015085291362221,-0
-0,-0,-0,0.003948087990626094,-0,-0,0,0,0,0.03978873577297384,0,0,-0,-0,0.003015085291362221,0.0003489649738616103,-0.001046894921584831,-0
-0,-0,0.008527949021512174,-0,-0.001974043995313047,-0,0,0,0,0,0.03978873577297384,0,-0,-0,0.003015085291362221,-0.001046894921584831,0.0003489649738616103,-0
-0,-0.008527949021512174,-0,-0,-0,-0.001974043995313047,0,0,0,0,0,0.03978873577297384,-0.003015085291362221,-0.003015085291362221,-0,-0,-0,-0.0006979299477232203
0.02105259910586412,6.444314627067996e-19,0,-0,-0,-0.008527949021512174,0.01907264696132919,-0.005116784635601784,0,-0,-0,-0.003015085291362221,0.05305164769729845,0,0,0,0,0
6.444314627067996e-19,0.03157696357005866,0,0,-0,5.221862736243343e-19,-0.005116784635601784,0.01907264696132919,0,-0,-0,-0.003015085291362221,0,0.05305164769729845,0,0,0,0
0,0,0.02105259910586412,0.008527949021512174,-5.221862736243343e-19,-0,0,0,0.01395586232572741,0.003015085291362221,0.003015085291362221,-0,0,0,0.05305164769729845,0,0,0
-0,-0,-0.008527949021512174,-0.001974043995313047,3.626259990354263e-19,-0,-0,-0,-0.003015085291362221,0.0003489649738616103,-0.001046894921584831,-0,0,0,0,0.03978873577297384,0,0
0,-0,5.221862736243343e-19,3.626259990354263e-19,0.003948087990626094,-0,-0,-0,-0.003015085291362221,-0.001046894921584831,0.0003489649738616103,-0,0,0,0,0,0.03978873577297384,0
0.008527949021512174,-5.221862736243343e-19,-0,-0,-0,-0.001974043995313047,0.003015085291362221,0.003015085291362221,-0,-0,-0,-0.0006979299477232203,0,0,0,0,0,0.03978873577297384
