0.05305164769729845,0,0,0,0,0,0.03177219731001045,0,0,-0,-0,-0,0.02129911442422622,6.412913716640288e-19,0,-0,-0,0.00868801210245451
0,0.05305164769729845,0,0,0,0,0,0.02129911442422622,0,-0,-0,-0.00868801210245451,6.412913716640288e-19,0.03177219731001045,0,-0,-0,-5.319873106112191e-19
0,0,0.05305164769729845,0,0,0,0,0,0.02129911442422622,-0,0.00868801210245451,-0,0,0,0.02129911442422622,-0.00868801210245451,5.319873106112191e-19,-0
0,0,0,0.03978873577297384,0,0,-0,-0,-0,0.004059761826915749,-0,-0,-0,-0,0.00868801210245451,-0.002029880913457874,3.728830744974737e-19,-0
0,0,0,0,0.03978873577297384,0,-0,-0,-0.00868801210245451,-0,-0.002029880913457874,-0,-0,-0,-5.319873106112191e-19,3.728830744974737e-19,0.004059761826915749,-0
0,0,0,0,0,0.03978873577297384,-0,0.00868801210245451,-0,-0,-0,-0.002029880913457874,-0.00868801210245451,5.319873106112191e-19,-0,-0,-0,-0.002029880913457874
0.03177219731001045,0,0,-0,-0,-0,0.05305164769729845,0,0,0,0,0,0.01924198972650771,-0.005138136523140609,0,-0,-0,0.003071676136338189
0,0.02129911442422622,0,-0,-0,0.00868801210245451,0,0.05305164769729845,0,0,0,0,-0.005138136523140609,0.01924198972650771,0,-0,-0,0.003071676136338189
0,0,0.02129911442422622,-0,-0.00868801210245451,-0,0,0,0.05305164769729845,0,0,0,0,0,0.0141038532033671,-0.003071676136338189,-0.003071676136338189,-0
-0,-0,-0,0.004059761826915749,-0,-0,0,0,0,0.03978873577297384,0,0,-0,-0,0.003071676136338189,0.0003588356397268018,-0.001076506919180405,-0
-0,-0,0.00868801210245451,-0,-0.002029880913457874,-0,0,0,0,0,0.03978873577297384,0,-0,-0,0.003071676136338189,-0.001076506919180405,0.0003588356397268018,-0
-0,-0.00868801210245451,-0,-0,-0,-0.002029880913457874,0,0,0,0,0,0.03978873577297384,-0.003071676136338189,-0.003071676136338189,-0,-0,-0,-0.0007176712794536033
0.02129911442422622,6.412913716640288e-19,0,-0,-0,-0.00868801210245451,0.01924198972650771,-0.005138136523140609,0,-0,-0,-0.003071676136338189,0.05305164769729845,0,0,0,0,0
6.412913716640288e-19,0.03177219731001045,0,0,-0,5.319873106112191e-19,-0.005138136523140609,0.01924198972650771,0,-0,-0,-0.003071676136338189,0,0.05305164769729845,0,0,0,0
0,0,0.02129911442422622,0.00868801210245451,-5.319873106112191e-19,-0,0,0,0.0141038532033671,0.003071676136338189,0.003071676136338189,-0,0,0,0.05305164769729845,0,0,0
-0,-0,-0.00868801210245451,-0.002029880913457874,3.728830744974737e-19,-0,-0,-0,-0.003071676136338189,0.0003588356397268018,-0.001076506919180405,-0,0,0,0,0.03978873577297384,0,0
0,-0,5.319873106112191e-19,3.728830744974737e-19,0.004059761826915749,-0,-0,-0,-0.003071676136338189,-0.001076506919180405,0.0003588356397268018,-0,0,0,0,0,0.03978873577297384,0
0.00868801210245451,-5.319873106112191e-19,-0,-0,-0,-0.002029880913457874,0.003071676136338189,0.003071676136338189,-0,-0,-0,-0.0007176712794536033,0,0,0,0,0,0.03978873577297384
